91
123
123
123
45
12
55
1
5
2
24
512
21321
3
4
5
2
5
12
421
41
2213
2132112312
312312
4
11
12
2
2
4
44
5
5
1
2
291
123
123
123
45
12
55
1
5
2
24
512
21321
3
4
5
2
5
12
421
41
2213
2132112312
312312
4
11
12
2
2
4
44
5
5
1
2
291
123
123
123
45
12
55
1
5
2
24
512
21321
3
4
5
2
5
12
421
41
2213
2132112312
312312
4
11
12
2
2
4
44
5
5
1
2
291
123
123
123
45
12
55
1
5
2
24
512
21321
3
4
5
2
5
12
421
41
2213
2132112312
312312
4
11
12
2
2
4
44
5
5
1
2
291
123
123
123
45
12
55
1
5
2
24
512
21321
3
4
5
2
5
12
421
41
2213
2132112312
312312
4
11
12
2
2
4
44
5
5
1
2
291
123
123
123
45
12
55
1
5
2
24
512
21321
3
4
5
2
5
12
421
41
2213
2132112312
312312
4
11
12
2
2
4
44
5
5
1
2
291
123
123
123
45
12
55
1
5
2
24
512
21321
3
4
5
2
5
12
421
41
2213
2132112312
312312
4
11
12
2
2
4
44
5
5
1
2
291
123
123
123
45
12
55
1
5
2
24
512
21321
3
4
5
2
5
12
421
41
2213
2132112312
312312
4
11
12
2
2
4
44
5
5
1
2
291
123
123
123
45
12
55
1
5
2
24
512
21321
3
4
5
2
5
12
421
41
2213
2132112312
312312
4
11
12
2
2
4
44
5
5
1
2
291
123
123
123
45
12
55
1
5
2
24
512
21321
3
4
5
2
5
12
421
41
2213
2132112312
312312
4
11
12
2
2
4
44
5
5
1
2
291
123
123
123
45
12
55
1
5
2
24
512
21321
3
4
5
2
5
12
421
41
2213
2132112312
312312
4
11
12
2
2
4
44
5
5
1
2
291
123
123
123
45
12
55
1
5
2
24
512
21321
3
4
5
2
5
12
421
41
2213
2132112312
312312
4
11
12
2
2
4
44
5
5
1
2
291
123
123
123
45
12
55
1
5
2
24
512
21321
3
4
5
2
5
12
421
41
2213
2132112312
312312
4
11
12
2
2
4
44
5
5
1
2
291
123
123
123
45
12
55
1
5
2
24
512
21321
3
4
5
2
5
12
421
41
2213
2132112312
312312
4
11
12
2
2
4
44
5
5
1
2
291
123
123
123
45
12
55
1
5
2
24
512
21321
3
4
5
2
5
12
421
41
2213
2132112312
312312
4
11
12
2
2
4
44
5
5
1
2
291
123
123
123
45
12
55
1
5
2
24
512
21321
3
4
5
2
5
12
421
41
2213
2132112312
312312
4
11
12
2
2
4
44
5
5
1
2
291
123
123
123
45
12
55
1
5
2
24
512
21321
3
4
5
2
5
12
421
41
2213
2132112312
312312
4
11
12
2
2
4
44
5
5
1
2
291
123
123
123
45
12
55
1
5
2
24
512
21321
3
4
5
2
5
12
421
41
2213
2132112312
312312
4
11
12
2
2
4
44
5
5
1
2
291
123
123
123
45
12
55
1
5
2
24
512
21321
3
4
5
2
5
12
421
41
2213
2132112312
312312
4
11
12
2
2
4
44
5
5
1
2
291
123
123
123
45
12
55
1
5
2
24
512
21321
3
4
5
2
5
12
421
41
2213
2132112312
312312
4
11
12
2
2
4
44
5
5
1
2
291
123
123
123
45
12
55
1
5
2
24
512
21321
3
4
5
2
5
12
421
41
2213
2132112312
312312
4
11
12
2
2
4
44
5
5
1
2
291
123
123
123
45
12
55
1
5
2
24
512
21321
3
4
5
2
5
12
421
41
2213
2132112312
312312
4
11
12
2
2
4
44
5
5
1
2
291
123
123
123
45
12
55
1
5
2
24
512
21321
3
4
5
2
5
12
421
41
2213
2132112312
312312
4
11
12
2
2
4
